models <- matrix(
  c(167,341,556,559,568,
    167,205,341,559,568,
    167,205,341,381,559,
    111,167,205,341,559,
    167,205,288,341,559,
    111,205,288,341,559,
    109,205,288,341,559,
    109,111,205,288,341,
    17,109,111,288,341,
    109,111,288,341,381,
    109,111,288,341,532,
    109,111,288,479,532,
    111,157,288,479,532,
    47,111,288,479,532,
    17,205,288,341,559,
    17,109,205,288,341,
    17,109,288,341,559,
    167,205,341,556,559,
    47,111,157,288,532,
    109,111,288,341,559,
    167,288,341,556,559,
    109,167,288,341,559),
  ncol=5, byrow=TRUE)
 models <- as.data.frame(models)
colnames(models) <- c("var1","var2","var3","var4","var5")
